música,[20, 2, 4, 7, 10, 11, 16, 18, 23, 24, 27, 36, 37, 41, 43, 47, 48, 14, 26, 35, 38]
san,[13, 29, 30, 21, 31, 36, 42, 47, 14, 27, 42]
cultura,[19, 18, 19, 23, 27, 40, 44, 48, 2, 13, 20, 22, 35, 43, 45, 46, 2, 10, 13, 26]
danza,[13, 4, 8, 10, 22, 26, 34, 41, 47, 49, 2, 18, 27, 43]
tradicional,[12, 7, 15, 17, 18, 41, 43, 48, 8, 10, 22, 28, 34]
desfiles,[7, 8, 14, 18, 32, 33, 40, 42]
patronales,[6, 14, 29, 31, 36, 39, 46]
conciertos,[4, 3, 12, 38, 42]
artístico,[12, 7, 13, 18, 20, 43, 48, 12, 28, 32, 37, 40, 44]
conmemora,[5, 5, 14, 28, 45, 46]
rural,[5, 3, 7, 29, 25, 31]
carnaval,[3, 21, 37, 39]
nuestra señora,[3, 14, 42, 46]
música andina,[2, 16, 18]
danzas tradicionales,[3, 8, 22, 34]
san antonio,[1, 21]
san pedro,[2, 36, 47]
